cptid	CHR	POS	rsid	SNPID	Allele1	Allele2	AC_Allele2	AF_Allele2	imputationInfo	N	BETA	SE	Tstat	p.value	p.value.NA	Is.SPA.converge	varT	varTstar	AF.Cases	AF.Controls	a0	a1	eaf
1:10352	1	10352	rs145072688	---	T	TA	8332.92941176462	0.42680441568145	0.51750197222408	9762	0.266398448288884	0.44573749121511	1.34082890006363	0.550068348759993	0.550068348759993	1	5.03317083367403	5.03317082800245	0.461470588235294	0.426733247189247	NA	NA	NA
1:10616	1	10616	rs376342519	---	CCGCCGTTGCAAAGGCGCGCCG	C	19320.8196078431	0.989593300954883	0.751629529395558	9762	0.50155812333455	1.70330805922587	0.172876064023724	0.768405512975115	0.768405512975115	1	0.344678026296091	0.344678025907694	0.993725490196078	0.989584817708648	NA	NA	NA
1:15903	1	15903	1:15903:G:GC	---	G	GC	8628.32549019608	0.441934311114325	0.592162584425874	9762	-0.0520766056206945	0.457248336356972	-0.24907973838802	0.909323965457638	0.909323965457638	1	4.78294880050783	4.78294879511821	0.437549019607843	0.441943313971041	NA	NA	NA
1:267227	1	267227	rs374780253	---	TTAA	T	288.764705883183	0.01479024307945	0.535201274927837	9762	-1.43759958616762	2.31564882051781	-0.268097364519881	0.534718492909255	0.534718492909255	1	0.186489594946657	0.186489594736513	0.00784313725490197	0.0148045052551918	NA	NA	NA
1:54712	1	54712	1:54712:T:TTTTC	---	T	TTTTC	11731.6235294119	0.600882172168197	0.701218725592935	9762	0.609552937762525	0.386676170613579	4.07677375763726	0.114935660189036	0.114935660189036	1	6.68813732996154	6.68813732242508	0.702058823529412	0.600674459888657	NA	NA	NA
1:604229	1	604229	1:604229:A:AG	---	A	AG	365.607843137768	0.0187260726868351	0.670362004245463	9762	2.00976748295302	1.32222006882188	1.14957768781212	0.128512310328613	0.128512310328613	1	0.57199536641075	0.571995365766203	0.0484313725490196	0.0186650887002307	NA	NA	NA
1:612688	1	612688	rs201365517	---	TCTC	T	576.219607843777	0.0295133992954199	0.671761041263494	9762	0.580582588540468	1.22057258120966	0.389705726703379	0.634313683256448	0.634313683256448	1	0.671232197443372	0.671232196687	0.0388235294117647	0.0294942859098063	NA	NA	NA
1:63735	1	63735	rs201888535	---	CCTA	C	6591.84705882359	0.337627896887092	0.513568744063554	9762	-1.16000832871118	0.507348292185386	-4.61394789880116	0.0222300396332979	0.0206959274537542	1	3.97751273383309	3.97751272935107	0.221960784313726	0.337865357598593	NA	NA	NA
1:692794	1	692794	1:692794:CA:C	---	CA	C	1873.59607843214	0.0959637409563686	0.724542737267425	9762	0.65442767909104	0.690442600796228	1.37279756433328	0.343211972434247	0.343211972434247	1	2.09770706251303	2.09770706014925	0.127843137254902	0.0958982936225198	NA	NA	NA
1:701779	1	701779	rs201234755	---	GAATA	G	1261.33333333413	0.0646042477634774	0.531031783444805	9762	-1.06566893775688	0.900885303973392	-1.31305616262146	0.236843628864133	0.236843628864133	1	1.23214266279103	1.23214266140261	0.032156862745098	0.0646708611590808	NA	NA	NA
1:706330	1	706330	1:706330:A:AG	---	A	AG	990.282352941776	0.0507212842113182	0.531184536025995	9762	-1.04302944153393	1.00588936498321	-1.03085156462408	0.299771918395543	0.299771918395543	1	0.988324512784656	0.988324511670973	0.0255882352941176	0.0507728815196783	NA	NA	NA
1:723798	1	723798	rs34882115	---	CAG	C	18467.3607843137	0.945879982806481	0.675843191040363	9762	0.489577369811798	1.0440748972416	0.449115482165877	0.63913382453019	0.63913382453019	1	0.917353435553046	0.917353434519336	0.959117647058824	0.945852806324747	NA	NA	NA
1:749963	1	749963	rs56197012	---	T	TAA	17110.0039215687	0.876357504690058	0.650099269410679	9762	0.306616103979154	0.649182676833456	0.727547103902504	0.636704836759529	0.636704836759529	1	2.37282743620005	2.37282743352625	0.897941176470588	0.876313194134151	NA	NA	NA
1:751488	1	751488	rs200141114	---	G	GA	2432.83921568694	0.124607622192529	0.674341367828451	9762	0.469048437370819	0.639755106415533	1.14601465511735	0.463455526259473	0.463455526259473	1	2.44327571271991	2.44327570996673	0.150098039215686	0.124555291219341	NA	NA	NA
1:761957	1	761957	rs59038458	---	A	AT	6797.50196078442	0.348161337880784	0.574275997036421	9762	0.308897416753862	0.45860673764377	1.46870108126399	0.500593500231462	0.500593500231462	1	4.75465640567105	4.75465640031332	0.387549019607843	0.348080476288237	NA	NA	NA
1:765155	1	765155	rs71576582	---	TTGAC	T	328.874509804562	0.016844627627769	0.50947479647919	9762	-1.88258087837504	1.77984855225438	-0.594275113790557	0.290183250780424	0.290183250780424	1	0.315670429152297	0.315670428796587	0.00245098039215687	0.0168741773038511	NA	NA	NA
1:768116	1	768116	1:768116:A:AGTTTT	---	A	AGTTTT	15737.105882353	0.806039022861761	0.734774210319718	9762	-0.152590600333406	0.480191420390589	-0.661757678509861	0.750659135812383	0.750659135812383	1	4.33681810717003	4.33681810228313	0.789705882352941	0.80607255425266	NA	NA	NA
1:769138	1	769138	rs59306077	---	CAT	C	2040.8117647065	0.104528363281423	0.717444028692525	9762	-0.33060398826373	0.658865978616844	-0.761577180942973	0.615824186375235	0.615824186375235	1	2.3035934470804	2.30359344448462	0.0818627450980392	0.104574895037054	NA	NA	NA
