CHR	POS	rsid	SNPID	Allele1	Allele2	AC_Allele2	AF_Allele2	imputationInfo	N	BETA	SE	Tstat	p.value	p.value.NA	Is.SPA.converge	varT	varTstar	AF.Cases	AF.Controls	cptid
1	10352	rs145072688	---	T	TA	8332.92941176462	0.42680441568145	0.51750197222408	9762	0.266398448288884	0.44573749121511	1.34082890006363	0.550068348759993	0.550068348759993	1	5.03317083367403	5.03317082800245	0.461470588235294	0.426733247189247	1:10352
1	10616	rs376342519	---	CCGCCGTTGCAAAGGCGCGCCG	C	19320.8196078431	0.989593300954883	0.751629529395558	9762	0.50155812333455	1.70330805922587	0.172876064023724	0.768405512975115	0.768405512975115	1	0.344678026296091	0.344678025907694	0.993725490196078	0.989584817708648	1:10616
1	11008	1:11008:C:G	---	C	G	1701.69411764856	0.0871590922786603	0.713558067710095	9762	0.834177409025668	0.661690793381566	1.90523363613429	0.207425764210442	0.207425764210442	1	2.28396695417541	2.28396695160175	0.134803921568627	0.0870612790384066	1:11008
1	11012	1:11012:C:G	---	C	G	1701.69411764856	0.0871590922786603	0.713558627310905	9762	0.834177409025668	0.661690793381566	1.90523363613429	0.207425764210442	0.207425764210442	1	2.28396695417541	2.28396695160175	0.134803921568627	0.0870612790384066	1:11012
1	14930	rs75454623	---	A	G	10188.4117647059	0.521840389505526	0.506410393921016	9762	0.937721484152591	0.457045565620744	4.54927229080936	0.0401985933195974	0.0388834932168407	1	4.85141096550698	4.85141096004022	0.634803921568627	0.521608479154339	1:14930
1	15211	rs78601809	---	T	G	13581.5333333335	0.695632725534393	0.517685959561052	9762	-0.23882597419205	0.486046899821383	-1.01093958679721	0.623168984644933	0.623168984644933	1	4.23295493807668	4.23295493330682	0.670686274509804	0.695683939763546	1:15211
1	15274	rs201931625	---	A	G	5421.55686274518	0.277686788708522	0.529617025135876	9762	-0.0527655103201732	0.480661282206303	-0.228387253290299	0.912586303497295	0.912586303497295	1	4.32834349377992	4.32834348890256	0.270980392156863	0.27770055671622	1:15274
1	15903	1:15903:G:GC	---	G	GC	8628.32549019608	0.441934311114325	0.592162584425874	9762	-0.0520766056206945	0.457248336356972	-0.24907973838802	0.909323965457638	0.909323965457638	1	4.78294880050783	4.78294879511821	0.437549019607843	0.441943313971041	1:15903
1	16949	rs199745162	---	A	C	251.760784314378	0.0128949387581632	0.517051556553081	9762	-2.05550154615877	2.2152443889247	-0.418865429009799	0.353464999812647	0.353464999812647	1	0.203777725097097	0.203777724867472	0.00205882352941177	0.0129171849400816	1:16949
1	18849	1:18849:C:G	---	C	G	19192.6431372549	0.983028228705947	0.674242755650665	9762	1.327879845577	1.51839833026211	0.575953397213733	0.381831499006773	0.381831499006773	1	0.433739091027069	0.433739090538314	0.997647058823529	0.98299821673691	1:18849
1	49298	rs200943160	---	T	C	16685.3568627452	0.854607501677176	0.506456057704051	9762	1.12853664212723	0.696836287198728	2.32409645562077	0.105336556508105	0.105336556508105	1	2.05938945078467	2.05938944846407	0.915098039215686	0.854483316627821	1:49298
1	51762	1:51762:A:G	---	A	G	261.905882353363	0.0134145606614097	0.613452045799072	9762	0.3105927902548	1.65798991191165	0.112986772430713	0.851401174477113	0.851401174477113	1	0.363777833793315	0.363777833383396	0.0163725490196078	0.0134084880102729	1:51762
1	51765	1:51765:C:G	---	C	G	261.905882353363	0.0134145606614097	0.613452045799072	9762	0.3105927902548	1.65798991191165	0.112986772430713	0.851401174477113	0.851401174477113	1	0.363777833793315	0.363777833383396	0.0163725490196078	0.0134084880102729	1:51765
1	54712	1:54712:T:TTTTC	---	T	TTTTC	11731.6235294119	0.600882172168197	0.701218725592935	9762	0.609552937762525	0.386676170613579	4.07677375763726	0.114935660189036	0.114935660189036	1	6.68813732996154	6.68813732242508	0.702058823529412	0.600674459888657	1:54712
1	60249	1:60249:C:T	---	C	T	316.639215687013	0.0162179479454524	0.501321028963784	9762	-2.091095259873	1.88990225003767	-0.585457175805476	0.268528837752951	0.268528837752951	1	0.27997632964891	0.279976329333422	0.00147058823529411	0.0162482237814033	1:60249
1	62777	1:62777:A:T	---	A	T	8222.80784313718	0.421164097681683	0.536581812200932	9762	0.453832243512934	0.448792348617023	2.25322447431311	0.311906406418002	0.311906406418002	1	4.96488406568869	4.96488406009406	0.480686274509804	0.42104190064447	1:62777
1	63735	rs201888535	---	CCTA	C	6591.84705882359	0.337627896887092	0.513568744063554	9762	-1.16000832871118	0.507348292185386	-4.61394789880116	0.0222300396332979	0.0206959274537542	1	3.97751273383309	3.97751272935107	0.221960784313726	0.337865357598593	1:63735
1	69428	rs140739101	---	T	G	1092.21568627533	0.055942208885235	0.522098669432076	9762	0.414679591967833	0.926616420427523	0.482961685528158	0.654499485907446	0.654499485907446	1	1.16466229562033	1.16466229430794	0.0681372549019608	0.0559171728638078	1:69428
1	74790	rs13328700	---	C	G	735.800000000705	0.0376869493956518	0.531791691357585	9762	0.34991600854403	1.09075289211799	0.294110862934241	0.748360235742235	0.748360235742235	1	0.840518455151595	0.840518454204465	0.0454901960784314	0.0376709295912986	1:74790
1	74792	rs13328684	---	G	A	735.800000000705	0.0376869493956518	0.531791691357585	9762	0.34991600854403	1.09075289211799	0.294110862934241	0.748360235742235	0.748360235742235	1	0.840518455151595	0.840518454204465	0.0454901960784314	0.0376709295912986	1:74792
1	90051	1:90051:C:T	---	C	T	249.603921569396	0.0127844663782727	0.523045820809181	9762	6.42321824553342	2.99727989510875	0.954177121631998	0.0321118277257426	0.0132990499317657	1	0.148551253461692	0.148551253294298	0.0353921568627451	0.0127380535461978	1:90051
1	91421	rs28619159	---	T	C	257.294117647376	0.0131783506272985	0.553625697791048	9762	-0.870142540074764	1.69190925510349	-0.30397388143237	0.607044901784633	0.607044901784633	1	0.349338030762468	0.34933803036882	0.00558823529411765	0.0131939328800705	1:91421
1	91515	rs376723915	---	A	C	11038.9882352942	0.565406076382617	0.532104164138214	9762	-0.175320218291135	0.480362314628811	-0.759791000405467	0.715130095186437	0.715130095186437	1	4.33373291347246	4.33373290858903	0.549313725490196	0.56543911344049	1:91515
1	108929	1:108929:C:G	---	C	G	279.839215686807	0.0143330882855361	0.608174464372806	9762	-0.253412474273263	1.64214342382332	-0.0939735900408204	0.877358916354511	0.877358916354511	1	0.370832534232256	0.370832533814387	0.0124509803921569	0.0143369521900322	1:108929
1	125271	rs377100675	---	C	T	18801.9960784314	0.963019672117977	0.850225738541403	9762	-0.194236743681102	1.0435247614585	-0.178371667012844	0.852338698421836	0.852338698421836	1	0.918320929564667	0.918320928529866	0.961470588235294	0.96302285233535	1:125271
1	135982	rs368140013	---	A	G	19282.5960784314	0.987635529524246	0.763333582271499	9762	1.86356995346824	2.35243686999483	0.336751659511907	0.428251635944	0.428251635944	1	0.180702451703081	0.180702451499458	0.997647058823529	0.987614976189614	1:135982
1	267227	rs374780253	---	TTAA	T	288.764705883183	0.01479024307945	0.535201274927837	9762	-1.43759958616762	2.31564882051781	-0.268097364519881	0.534718492909255	0.534718492909255	1	0.186489594946657	0.186489594736513	0.00784313725490197	0.0148045052551918	1:267227
1	526736	rs28863004	---	C	G	671.698039216677	0.0344037102651443	0.564994333232204	9762	1.88358460458918	1.36866976487043	1.00551322094657	0.168754911185599	0.168754911185599	1	0.533829602608097	0.533829602006556	0.0580392156862745	0.0343551873633872	1:526736
1	532929	rs373677901	---	T	C	246.866666667433	0.0126442668852403	0.502488085398719	9762	0.153897242341045	2.39157687180516	0.0269068060443543	0.948691784506197	0.948691784506197	1	0.174836180525752	0.174836180328739	0.0122549019607843	0.0126450662383615	1:532929
1	536095	rs189259765	---	C	T	5671.65098039235	0.290496362445828	0.558218532511743	9762	-0.270754885435363	0.496251081450314	-1.09944464737635	0.585340515095576	0.585340515095576	1	4.06066411547287	4.06066411089716	0.263235294117647	0.290552328506849	1:536095
1	564598	rs6594028	---	A	G	1936.46666666832	0.0991839104009588	0.619850496256131	9762	-0.574701590475296	0.821896268429331	-0.850762584084853	0.484402935690768	0.484402935690768	1	1.48035536735029	1.48035536568217	0.0751960784313725	0.0992331566171942	1:564598
1	565006	rs1856864	---	T	C	6455.0156862746	0.330619529106464	0.523581982388359	9762	-0.225103233481794	0.478148632793173	-0.984591079809324	0.637797220712857	0.637797220712857	1	4.37395351714907	4.37395351222033	0.305588235294118	0.330670917515025	1:565006
1	565286	rs1578391	---	C	T	10882.9137254902	0.557412094114433	0.515791888013858	9762	0.272339928454841	0.449022385873804	1.35075110879388	0.544171174757033	0.544171174757033	1	4.95979828025055	4.95979827466165	0.592352941176471	0.557340361724653	1:565286
1	565406	rs6594029	---	C	T	7880.894117647	0.403651614302755	0.529644793442566	9762	-0.233258566357583	0.457209917804097	-1.11585128261324	0.609926572161327	0.609926572161327	1	4.78375263998944	4.78375263459891	0.377254901960784	0.403705805869874	1:565406
1	565591	rs7416152	---	C	T	4132.3098039222	0.211652827490381	0.51750141128385	9762	-0.086951356920452	0.613240352605011	-0.231214419177989	0.887245873671573	0.887245873671573	1	2.65912376030563	2.65912375730922	0.203921568627451	0.21166869950608	1:565591
1	565596	rs9782892	---	G	A	271.227450980983	0.0138920022014435	0.500295830944867	9762	-1.69890640869746	1.97759622723007	-0.434404389359932	0.390298321751526	0.390298321751526	1	0.255696480474747	0.255696480186618	0.00294117647058823	0.0139144838801873	1:565596
1	565987	1:565987:C:T	---	C	T	281.650980392606	0.0144258850846448	0.553064286033726	9762	2.37267776023669	1.78376377340968	0.745699892356111	0.183468045994923	0.183468045994923	1	0.314286206434423	0.314286206080272	0.0334313725490196	0.0143868674548448	1:565987
1	566573	rs1856866	---	A	G	6263.4941176471	0.320809983489403	0.532647456775118	9762	0.122722979589797	0.48792852867763	0.515481955965464	0.801413375037228	0.801413375037228	1	4.20037027856126	4.20037027382811	0.333529411764706	0.320783870928786	1:566573
1	566792	rs9283152	---	T	C	241.239215686946	0.0123560344031421	0.537503240101992	9762	7.69929502191674	2.96671445666611	1.50405083103101	0.00945286905607293	0.000666602426859396	1	0.195349162066084	0.195349161845957	0.0490196078431373	0.0122807653137215	1:566792
1	567867	rs2000096	---	A	G	645.941176471679	0.0330844691903134	0.622720295381819	9762	1.85572871404667	1.48691460684813	0.839348719289964	0.212016456343526	0.212016456343526	1	0.452301412882518	0.452301412372846	0.0517647058823529	0.0330461192894321	1:567867
1	569094	rs9283154	---	A	G	7223.00392156856	0.369955128127871	0.536759165133994	9762	-0.145719872336942	0.464091857561734	-0.676567114413234	0.753529173910205	0.753529173910205	1	4.64292964002079	4.64292963478895	0.352254901960784	0.369991466099887	1:569094
1	569226	rs6594032	---	C	A	6960.41960784317	0.356505818881539	0.552402695081844	9762	0.283187291640599	0.477502895897307	1.24200041348115	0.553141805679416	0.553141805679416	1	4.3857914890383	4.38579148409621	0.385392156862745	0.356446516196296	1:569226
1	569267	rs6650105	---	G	A	5199.92156862761	0.266334847809241	0.570159858178814	9762	-0.0379666067244084	0.573097472906107	-0.11559652981338	0.947180319222061	0.947180319222061	1	3.04468952552096	3.04468952209009	0.259901960784314	0.266348054311028	1:569267
1	569604	1:569604:G:A	---	G	A	293.525490196767	0.0150340857507051	0.514807576225807	9762	3.55862415335303	1.79171613593256	1.10852045742017	0.0470162278335817	0.0470162278335817	1	0.311502538523405	0.311502538172391	0.0427450980392157	0.0149771959697449	1:569604
1	598833	rs201266803	---	T	C	386.380392157782	0.0197900221346948	0.544606546484933	9762	-1.30078465922416	1.88771295440329	-0.365034148514749	0.490773119660891	0.490773119660891	1	0.280626117417827	0.280626117101606	0.00941176470588236	0.0198113283498577	1:598833
1	604229	1:604229:A:AG	---	A	AG	365.607843137768	0.0187260726868351	0.670362004245463	9762	2.00976748295302	1.32222006882188	1.14957768781212	0.128512310328613	0.128512310328613	1	0.57199536641075	0.571995365766203	0.0484313725490196	0.0186650887002307	1:604229
1	604299	1:604299:C:G	---	C	G	671.454901961559	0.0343912570150358	0.514874422249695	9762	3.12164885708257	1.23774582535262	2.51137359845475	0.0116675267302754	0.00511131657078429	1	0.804502272174788	0.804502271268242	0.0982352941176471	0.03426018734326	1:604299
1	612688	rs201365517	---	TCTC	T	576.219607843777	0.0295133992954199	0.671761041263494	9762	0.580582588540468	1.22057258120966	0.389705726703379	0.634313683256448	0.634313683256448	1	0.671232197443372	0.671232196687	0.0388235294117647	0.0294942859098063	1:612688
1	618386	rs202025951	---	T	C	1394.10980392262	0.0714049274699148	0.625249289368223	9762	-0.0521795480195759	0.880808366500474	-0.0672569936222435	0.952760533862851	0.952760533862851	1	1.2889531660376	1.28895316458516	0.0684313725490196	0.0714110320786085	1:618386
1	625392	rs202179828	---	T	C	409.97254902056	0.020998389111891	0.525256122500813	9762	-0.701535626634724	1.89808992652281	-0.194722511515393	0.71167992693615	0.71167992693615	1	0.277566105159163	0.27756610484639	0.0151960784313726	0.0210103010615045	1:625392
1	649192	rs201942322	---	A	T	1925.36078431485	0.0986150780739015	0.525088658604414	9762	2.3067436059397	0.845101452444871	3.67970315158479	0.00634215281399574	0.00357470704910049	1	1.59519382306288	1.59519382126535	0.188823529411765	0.0984298831419244	1:649192
1	662414	rs371628865	---	C	T	2041.52549019722	0.104564919596252	0.526415691527318	9762	1.70763130330674	0.773933354240553	2.88528839801254	0.0273537679236882	0.0264400462516695	1	1.68964365576183	1.68964365385787	0.175	0.104420318733118	1:662414
1	665266	1:665266:T:C	---	T	C	298.549019608392	0.0152913859664204	0.568822911185747	9762	3.39343632191193	1.71652088658324	1.15170570857693	0.048049893218125	0.048049893218125	1	0.339392167502951	0.33939216712051	0.043921568627451	0.0152326091594511	1:665266
1	669590	rs78732431	---	G	T	921.525490197102	0.047199625599114	0.584573620903725	9762	-0.721452297626062	1.12880949072903	-0.566195373680223	0.522740504329044	0.522740504329044	1	0.784799460121325	0.784799459236982	0.031078431372549	0.0472327218713394	1:669590
1	676118	rs146067153	---	C	T	1560.30980392257	0.0799175273469866	0.529897037157084	9762	-0.654945819066568	0.806674849523168	-1.00648739586021	0.41684438427946	0.41684438427946	1	1.53674909673393	1.53674909500226	0.0558823529411765	0.079966870755693	1:676118
1	691544	rs201222573	---	T	A	11511.6156862746	0.589613587701016	0.62202625991734	9762	0.417364100141178	0.442707663945588	2.12951650034372	0.345807116308878	0.345807116308878	1	5.10229916665902	5.10229916090955	0.643921568627451	0.589502095233495	1:691544
1	692794	1:692794:CA:C	---	CA	C	1873.59607843214	0.0959637409563686	0.724542737267425	9762	0.65442767909104	0.690442600796228	1.37279756433328	0.343211972434247	0.343211972434247	1	2.09770706251303	2.09770706014925	0.127843137254902	0.0958982936225198	1:692794
1	693823	rs200238956	---	G	C	1811.42352941262	0.0927793243911401	0.561129292232439	9762	2.02344610159582	0.829784823370783	3.12314712073805	0.0147475812443289	0.0119415958830991	1	1.54347927442937	1.54347927269011	0.169019607843137	0.0926228056404249	1:693823
1	701779	rs201234755	---	GAATA	G	1261.33333333413	0.0646042477634774	0.531031783444805	9762	-1.06566893775688	0.900885303973392	-1.31305616262146	0.236843628864133	0.236843628864133	1	1.23214266279103	1.23214266140261	0.032156862745098	0.0646708611590808	1:701779
1	706330	1:706330:A:AG	---	A	AG	990.282352941776	0.0507212842113182	0.531184536025995	9762	-1.04302944153393	1.00588936498321	-1.03085156462408	0.299771918395543	0.299771918395543	1	0.988324512784656	0.988324511670973	0.0255882352941176	0.0507728815196783	1:706330
1	706778	rs201689204	---	G	A	14258.7215686276	0.73031763822104	0.675365398982299	9762	0.216989445755514	0.527680646229726	0.779284931862531	0.680915934031873	0.680915934031873	1	3.59134947393048	3.5913494698836	0.754803921568627	0.730267368700714	1:706778
1	707522	rs371890604	---	G	C	1559.92549019701	0.0798978431774745	0.538571470796908	9762	0.436083870317115	0.873773021188353	0.571179696120932	0.617722034199418	0.617722034199418	1	1.30979321868882	1.30979321721289	0.0920588235294118	0.0798728770917112	1:707522
1	709135	1:709135:T:C	---	T	C	258.749019608509	0.0132528692690283	0.53244505899028	9762	0.133122479152796	1.92100753715226	0.0360739134738832	0.944752210985243	0.944752210985243	1	0.270982885110472	0.270982884805117	0.0141176470588235	0.0132510939091301	1:709135
1	711310	rs200531508	---	G	A	816.337254902672	0.041811988060985	0.616961497261647	9762	-1.63560517715358	1.05701986770641	-1.46390257872897	0.121773060486012	0.121773060486012	1	0.895021976683019	0.895021975674472	0.00392156862745097	0.0418897758241051	1:711310
1	712762	rs12071806	---	T	G	966.678431373599	0.0495123146575291	0.647642072969792	9762	-1.15698436512728	1.1592665265902	-0.860916236055818	0.318264145017247	0.318264145017247	1	0.744103604166777	0.744103603328291	0.026078431372549	0.049560423635683	1:712762
1	718386	rs10900602	---	A	G	19166.9294117647	0.981711197078709	0.52801447017128	9762	1.50675247561621	1.86062297116487	0.435236347277536	0.418048955718955	0.418048955718955	1	0.288857230580981	0.288857230255485	0.992941176470588	0.98168814230681	1:718386
1	723798	rs34882115	---	CAG	C	18467.3607843137	0.945879982806481	0.675843191040363	9762	0.489577369811798	1.0440748972416	0.449115482165877	0.63913382453019	0.63913382453019	1	0.917353435553046	0.917353434519336	0.959117647058824	0.945852806324747	1:723798
1	724869	rs12735556	---	C	A	9737.53725490202	0.498747042353105	0.53738644207942	9762	-0.765079314872221	0.444575417608485	-3.8709322482817	0.0852651020994641	0.0852651020994641	1	5.05951758600113	5.05951758029986	0.400490196078431	0.4989487603705	1:724869
1	724882	rs199626818	---	T	C	8575.28627450975	0.439217694863233	0.520523581838422	9762	0.456627763842261	0.449632758314119	2.25863692986879	0.309840317401129	0.309840317401129	1	4.9463416566344	4.94634165106067	0.495294117647059	0.439102571843765	1:724882
1	724883	rs200283906	---	G	A	8575.28627450975	0.439217694863233	0.520523581838422	9762	0.456627763842261	0.449632758314119	2.25863692986879	0.309840317401129	0.309840317401129	1	4.9463416566344	4.94634165106067	0.495294117647059	0.439102571843765	1:724883
1	725401	1:725401:C:T	---	C	T	421.752941177161	0.0216017691649847	0.513466923193451	9762	0.116910258439586	1.52817487695597	0.0500618055800206	0.939018773312194	0.939018773312194	1	0.42820712440637	0.428207123923849	0.0229411764705882	0.0215990194065719	1:725401
1	726939	rs4520358	---	G	C	9447.24705882353	0.483878665172277	0.57655747709262	9762	-0.153832343615361	0.449056348555284	-0.762861987845733	0.731923465123999	0.731923465123999	1	4.95904807738726	4.95904807179921	0.465	0.483917422440132	1:726939
1	726944	rs3131979	---	C	G	14956.7058823531	0.766067705508762	0.561863395028256	9762	-0.0162469275319233	0.538727905222816	-0.0559799233655582	0.975941086816037	0.975941086816037	1	3.44556983193063	3.44556982804803	0.767156862745098	0.766065469505396	1:726944
1	732032	rs201407906	---	A	C	1948.93333333416	0.0998224407567181	0.539441909807203	9762	1.76481321227318	0.792979365582576	2.85151498828636	0.0260445088377448	0.0248775265665835	1	1.61576022235999	1.61576022053929	0.168921568627451	0.0996805825594455	1:732032
1	732989	rs369030935	---	C	T	339.952941177038	0.0174120539426879	0.527851662429443	9762	-0.594053085645235	1.82560339657306	-0.178242960075373	0.74487763408982	0.74487763408982	1	0.300045508360205	0.300045508022102	0.0127450980392157	0.0174216350469566	1:732989
1	733429	rs367917297	---	C	A	969.988235294921	0.0496818395459394	0.539962216688664	9762	0.772484333618075	0.964501215020575	0.830393846626005	0.423180349662047	0.423180349662047	1	1.07496529118811	1.07496528997679	0.0719607843137255	0.0496361016178181	1:733429
1	738475	rs370667023	---	G	A	890.941176471562	0.04563312725218	0.54095899240218	9762	-1.0843336940729	1.15601631185099	-0.811400047239192	0.348248680665668	0.348248680665668	1	0.748293677190336	0.748293676347129	0.0250980392156863	0.045675285100696	1:738475
1	742990	rs202009397	---	C	T	1325.00784313817	0.0678655932768989	0.541666888856104	9762	1.4583439599452	0.962156773474745	1.57531817656643	0.12959445508006	0.12959445508006	1	1.08021030691938	1.08021030570216	0.105490196078431	0.0677883512263456	1:742990
1	743021	rs3964475	---	T	C	4656.80000000032	0.23851669739809	0.540095911518723	9762	1.12346932317192	0.539852885245326	3.8930703186981	0.0374278927387468	0.0364966953463686	1	3.4652217362791	3.46522173237435	0.336862745098039	0.238314796253135	1:743021
1	743072	rs200751313	---	C	A	18660.6352941177	0.955779312339565	0.669117069791827	9762	1.3659999437002	1.22240489232903	0.914156439141598	0.263793717374477	0.263793717374477	1	0.669221432517297	0.669221431763191	0.981176470588235	0.955727172823554	1:743072
1	748279	rs12184331	---	A	T	336.227450981205	0.0172212380137884	0.708085158086597	9762	-1.53658743162295	2.02694562192048	-0.374001273538468	0.448402945897637	0.448402945897637	1	0.243397326986755	0.243397326712485	0.00598039215686275	0.0172443150941346	1:748279
1	749689	rs75448039	---	T	G	5343.87843137277	0.273708176161277	0.513731399667743	9762	-0.371041127416943	0.526502526602324	-1.3385084943941	0.480979458079555	0.480979458079555	1	3.60743970274218	3.60743969867717	0.240392156862745	0.27377657283402	1:749689
1	749707	1:749707:A:G	---	A	G	729.713725491249	0.0373752164254891	0.526373032908046	9762	4.50019674051626	1.54049134063892	2.79832579793712	0.00348603498706603	0.000387190708377112	1	0.621822991146849	0.621822990446154	0.10656862745098	0.0372331646680434	1:749707
1	749758	rs4399101	---	C	T	13382.3725490198	0.685431906833629	0.548717511049003	9762	-0.89759878505154	0.494647149417686	-3.66852290315542	0.0695816506744621	0.0695816506744621	1	4.08704085193784	4.0870408473324	0.59578431372549	0.685615950342362	1:749758
1	749760	rs12045157	---	C	G	13382.3725490198	0.685431906833629	0.548717511049003	9762	-0.89759878505154	0.494647149417686	-3.66852290315542	0.0695816506744621	0.0695816506744621	1	4.08704085193784	4.0870408473324	0.59578431372549	0.685615950342362	1:749760
1	749963	rs56197012	---	T	TAA	17110.0039215687	0.876357504690058	0.650099269410679	9762	0.306616103979154	0.649182676833456	0.727547103902504	0.636704836759529	0.636704836759529	1	2.37282743620005	2.37282743352625	0.897941176470588	0.876313194134151	1:749963
1	751343	rs202152658	---	T	A	2022.58823529473	0.103594972100734	0.722243777371062	9762	-0.321750933580963	0.665593686568452	-0.72627555687224	0.628808606628668	0.628808606628668	1	2.25726013842159	2.25726013587802	0.0817647058823529	0.103639788906735	1:751343
1	751488	rs200141114	---	G	GA	2432.83921568694	0.124607622192529	0.674341367828451	9762	0.469048437370819	0.639755106415533	1.14601465511735	0.463455526259473	0.463455526259473	1	2.44327571271991	2.44327570996673	0.150098039215686	0.124555291219341	1:751488
1	753425	rs3131970	---	T	C	17414.8980392157	0.891973880312218	0.724811338903839	9762	0.360150606276136	0.656226024580563	0.836329182175475	0.583128314773495	0.583128314773495	1	2.32216513758758	2.32216513497088	0.916862745098039	0.891922784305675	1:753425
1	755940	rs3115857	---	C	T	11813.6705882354	0.605084541499456	0.579401735457387	9762	0.354943306224007	0.455216725416493	1.71286276901208	0.435553478086486	0.435553478086486	1	4.82573622033902	4.82573621490119	0.650294117647059	0.604991727752485	1:755940
1	756257	rs200129875	---	A	C	8769.48235294117	0.449164226231365	0.561422182430138	9762	-0.833415315658334	0.436921138372475	-4.36571483159418	0.0564593519847513	0.0564593519847513	1	5.23834245612057	5.2383424502178	0.340392156862745	0.449387531649901	1:756257
1	756264	1:756264:C:T	---	C	T	5735.45882352959	0.293764537160909	0.519455273154724	9762	0.254255517968207	0.491484928624876	1.05256755147847	0.604932035582997	0.604932035582997	1	4.13980219540441	4.13980219073951	0.320980392156863	0.293708663921327	1:756264
1	756268	rs12567639	---	G	A	15392.9843137256	0.788413455937594	0.620469213938507	9762	0.313559978294061	0.540895775423236	1.07174988793259	0.562113579956257	0.562113579956257	1	3.41800600243531	3.41800599858376	0.817254901960784	0.788354245414035	1:756268
1	756378	1:756378:G:C	---	G	C	7086.96862745105	0.362987534698374	0.543461202382165	9762	0.953153827101688	0.464924164384925	4.46387046139001	0.040351987895425	0.0391405886069062	1	4.68326342974834	4.68326342447105	0.478333333333333	0.36275073363363	1:756378
1	756380	rs3131963	---	T	A	9888.89411764703	0.506499391397615	0.548710778597115	9762	-0.676571453521682	0.447856678317583	-3.37314927125265	0.130868106989728	0.130868106989728	1	4.98565118834791	4.98565118272988	0.421764705882353	0.506673348871472	1:756380
1	756434	rs61768170	---	G	C	1975.07058823593	0.10116116514218	0.681414634413259	9762	-0.294730309495719	0.669072114824284	-0.658383502780542	0.659570636803531	0.659570636803531	1	2.23385068168602	2.23385067916882	0.0818627450980392	0.101200784152709	1:756434
1	757843	rs11240773	---	C	A	15389.1333333335	0.788216212524762	0.666713090937016	9762	0.658791924923476	0.530712103353324	2.33900032844811	0.214481730712012	0.214481730712012	1	3.55043867412279	3.55043867012201	0.849509803921569	0.788090378832707	1:757843
1	759293	rs60744420	---	T	A	1517.27843137328	0.077713502938603	0.673756477091562	9762	-0.159438127822056	0.754906617392638	-0.279772949489695	0.832729298320091	0.832729298320091	1	1.75474306749224	1.75474306551492	0.0675490196078431	0.0777343702827056	1:759293
1	761800	rs1064272	---	A	T	2948.6901960791	0.151029000004051	0.505421176129308	9762	1.36747648571025	0.630279353478682	3.477567656541	0.0300344667637088	0.029204942614894	1	2.5430548114579	2.54305480859229	0.238921568627451	0.150848559501813	1:761800
1	761957	rs59038458	---	A	AT	6797.50196078442	0.348161337880784	0.574275997036421	9762	0.308897416753862	0.45860673764377	1.46870108126399	0.500593500231462	0.500593500231462	1	4.75465640567105	4.75465640031332	0.387549019607843	0.348080476288237	1:761957
1	763394	rs369924889	---	G	A	15868.9607843138	0.81279250073314	0.713503705329802	9762	0.879493993788661	0.540879827283837	3.00629302644377	0.103940454473164	0.103940454473164	1	3.41820756898332	3.41820756513155	0.892450980392157	0.812628964540035	1:763394
1	765155	rs71576582	---	TTGAC	T	328.874509804562	0.016844627627769	0.50947479647919	9762	-1.88258087837504	1.77984855225438	-0.594275113790557	0.290183250780424	0.290183250780424	1	0.315670429152297	0.315670428796587	0.00245098039215687	0.0168741773038511	1:765155
1	766105	rs55784098	---	T	A	17005.5764705883	0.871008833773218	0.787777292873663	9762	0.382115794072701	0.62779968719169	0.969511129445207	0.542750631835293	0.542750631835293	1	2.53721815346044	2.5372181506014	0.900882352941177	0.870947504438031	1:766105
1	768116	1:768116:A:AGTTTT	---	A	AGTTTT	15737.105882353	0.806039022861761	0.734774210319718	9762	-0.152590600333406	0.480191420390589	-0.661757678509861	0.750659135812383	0.750659135812383	1	4.33681810717003	4.33681810228313	0.789705882352941	0.80607255425266	1:768116
1	769138	rs59306077	---	CAT	C	2040.8117647065	0.104528363281423	0.717444028692525	9762	-0.33060398826373	0.658865978616844	-0.761577180942973	0.615824186375235	0.615824186375235	1	2.3035934470804	2.30359344448462	0.0818627450980392	0.104574895037054	1:769138
1	770886	rs371458725	---	G	A	2482.50588235352	0.127151499813231	0.73653165485332	9762	-0.918226476401209	0.541056738673987	-3.13663648915894	0.0896780758320602	0.0896780758320602	1	3.41597260563898	3.41597260178973	0.0503921568627451	0.127309084175653	1:770886
1	771410	rs142008205	---	C	T	16272.074509804	0.833439587676912	0.747556209536786	9762	0.593980908943065	0.585556890035393	1.73234463555421	0.310398441120572	0.310398441120572	1	2.9164988461275	2.91649884284107	0.881862745098039	0.833340176555122	1:771410
