cptid	CHR	POS	rsid	SNPID	Allele1	Allele2	AC_Allele2	AF_Allele2	imputationInfo	N	BETA	SE	Tstat	p.value	p.value.NA	Is.SPA.converge	varT	varTstar	AF.Cases	AF.Controls	a0	a1	eaf
1:774926	1	774926	1:774926:GAC:G	---	GAC	G	242.909803921513	0.0124416002828065	0.785241857998427	9762	0.856117566650178	1.39711929889096	0.438597775740068	0.540026170301531	0.540026170301531	1	0.512310216289821	0.512310215712529	0.0249019607843137	0.0124160195796652	NA	NA	NA
1:775789	1	775789	rs55687311	---	TA	T	18707.7607843137	0.958193033410866	0.741086143105729	9762	0.910915924710316	1.28290303108321	0.553465598795942	0.477677660970346	0.477677660970346	1	0.60759240648027	0.607592405795611	0.97421568627451	0.958160139440708	NA	NA	NA
1:778302	1	778302	rs58115377	---	C	CCT	18390.8901960785	0.941963234791972	0.512511597843463	9762	1.55379930281805	1.0312014220309	1.46119411956544	0.131865659236305	0.131865659236305	1	0.940400807823342	0.94040080676366	0.97921568627451	0.941886756755669	NA	NA	NA
1:779310	1	779310	rs80302052	---	TGA	T	199.850980392566	0.0102361698623523	0.588523772355747	9762	-1.49416368710557	2.40082837485095	-0.259224441178288	0.533709519176137	0.533709519176137	1	0.173491327232324	0.173491327036827	0.00343137254901961	0.0102501398835042	NA	NA	NA
1:787069	1	787069	rs59146489	---	CAG	C	542.772549020305	0.0278002739715378	0.64660098228559	9762	-0.777026604883477	1.39589437414985	-0.398777618253569	0.577765605026837	0.577765605026837	1	0.513209735351816	0.51320973477351	0.016078431372549	0.0278243385221056	NA	NA	NA
1:789513	1	789513	rs200509509	---	GA	G	1899.11764705952	0.0972709304988488	0.708170683102211	9762	-0.617087833372388	0.688970968727346	-1.30000534864169	0.370431204178488	0.370431204178488	1	2.10667797732642	2.10667797495253	0.0611764705882353	0.0973450312171676	NA	NA	NA
1:790753	1	790753	rs138628294	---	CATGT	CGT	227.082352941685	0.011630933873268	0.570277817267124	9762	-1.65357072952706	2.29657984034561	-0.313515978411738	0.471516082912828	0.471516082912828	1	0.189599375952552	0.189599375738904	0.00343137254901961	0.0116477672982558	NA	NA	NA
1:797126	1	797126	rs140389426	---	GTAAT	G	1573.08235294114	0.080571724694793	0.896794618422464	9762	-0.835734719656307	0.605714321122678	-2.2778900673835	0.167663436437232	0.167663436437232	1	2.72561377887982	2.72561377580849	0.025	0.080685811585977	NA	NA	NA
1:804593	1	804593	1:804593:TAAAA:TAAA	---	TAAAA	TAAA	514.043137255594	0.026328781871317	0.722742937165739	9762	-1.02378963104309	1.42544509332059	-0.503859834770346	0.472618855847824	0.472618855847824	1	0.492151726773192	0.492151726218616	0.0120588235294118	0.0263580776182368	NA	NA	NA
1:804978	1	804978	1:804978:T:TA	---	T	TA	1528.32156862801	0.0782791215236638	0.808744280780164	9762	-0.825491353799014	0.643429174726426	-1.9939351563034	0.199507473461851	0.199507473461851	1	2.41545250247269	2.41545249975086	0.0291176470588235	0.0783800483856035	NA	NA	NA
1:807302	1	807302	rs140363434	---	A	AT	12329.6000000001	0.631509936488431	0.532589374943886	9762	-0.47008569397224	0.462347198051297	-2.1990776998487	0.309278362812193	0.309278362812193	1	4.678035788042	4.6780357827706	0.577254901960784	0.631621320258754	NA	NA	NA
1:811215	1	811215	1:811215:AACTCCCCCAT:A	---	AACTCCCCCAT	A	247.047058823529	0.0126535063933379	0.960547456496982	9762	9.91486178955904	2.32050673011537	4.9967530794273	1.931080015322e-05	1.94158530787364e-12	1	0.503965984144044	0.503965983576155	0.138039215686275	0.012396093727986	NA	NA	NA
1:814371	1	814371	rs60732832	---	GTGTT	G	15138.3411764707	0.775370885908149	0.746402013007467	9762	0.0391686416150479	0.4487777512067	0.194480415755152	0.930450156317432	0.930450156317432	1	4.96520705687265	4.96520705127766	0.783725490196078	0.775353734185113	NA	NA	NA
1:821325	1	821325	rs138860880	---	ACAGT	A	4759.2431372553	0.24376373372543	0.747720970602598	9762	-0.651226854537544	0.445855818539352	-3.27599646026854	0.144119182484577	0.144119182484577	1	5.03049964454387	5.0304996388753	0.161862745098039	0.24393187371438	NA	NA	NA
1:825826	1	825826	rs34748977	---	C	CA	18097.9019607843	0.92695666670684	0.728202760337079	9762	-0.469663454807469	0.825817919392451	-0.688681098699863	0.569542648813313	0.569542648813313	1	1.46632890349575	1.46632890184343	0.912058823529412	0.92698725148035	NA	NA	NA
1:832297	1	832297	rs34017275	---	CTG	C	13720.5725490196	0.702754176860255	0.810179904107745	9762	-0.96444861736557	0.388122843880559	-6.5910686085102	0.0129585803004503	0.0116935742401704	1	6.83402774376303	6.83402773606218	0.538627450980392	0.703091123536255	NA	NA	NA
1:832960	1	832960	rs34260203	---	AT	A	9604.04313725498	0.491909605473006	0.873195364416326	9762	0.458722324567738	0.345225556252936	3.84896533998225	0.183926766578971	0.183926766578971	1	8.39062137123846	8.39062136178357	0.585980392156863	0.491716481295865	NA	NA	NA
1:833172	1	833172	rs113551494	---	T	TCGAA	5627.74509803936	0.288247546508879	0.81077097001411	9762	1.02845086305166	0.393975266296714	6.87168131966484	0.0090424444640844	0.007850843888189	1	6.68158447480408	6.681584467275	0.459509803921569	0.287895950825413	NA	NA	NA
1:834573	1	834573	1:834573:A:AT	---	A	AT	247.984313725494	0.0127015116638749	0.976750745575102	9762	1.13543595183639	1.48232257665558	0.516746084932135	0.443685591552854	0.443685591552854	1	0.455108087863857	0.455108087351023	0.025	0.0126762632788693	NA	NA	NA
1:834637	1	834637	rs34941678	---	AC	A	534.909803921644	0.0273975519320654	0.85180913042181	9762	5.24629207631556	1.42144532187087	4.98654155786538	0.000223536454017826	3.14126513952699e-07	1	0.950488742397163	0.950488741326114	0.150098039215686	0.0271456519376381	NA	NA	NA
1:837553	1	837553	rs112791300	---	GGTGT	G	445.094117647066	0.0227972811743017	0.888659499423658	9762	5.87876607742965	1.53077366228708	5.0939319282383	0.000122839589790588	4.44239554128529e-08	1	0.866496788806656	0.866496787830253	0.15	0.0225361382491818	NA	NA	NA
1:838329	1	838329	rs144685080	---	G	GC	4557.45098039241	0.233428138721185	0.842044321773843	9762	0.177527436361015	0.40996385186762	1.05626855640689	0.664991576195196	0.664991576195196	1	5.94988908789793	5.94988908119335	0.262156862745098	0.23336915961211	NA	NA	NA
1:840226	1	840226	1:840226:G:GT	---	G	GT	340.384313725805	0.0174341484186542	0.647347851556692	9762	-1.00980743434415	1.44532584077714	-0.483400426039792	0.484757581827273	0.484757581827273	1	0.478705552760912	0.478705552221487	0.00607843137254901	0.0174574613257333	NA	NA	NA
1:842057	1	842057	rs149865693	---	A	AAACTCAGCTGCCTCTCCCCTTC	5789.50588235317	0.296532774142244	0.828292542783611	9762	0.791568155018916	0.380928115416856	5.51145500394604	0.0377094725012247	0.0367342068939661	1	6.96270430916253	6.96270430131667	0.434019607843137	0.296250518273415	NA	NA	NA
1:842387	1	842387	rs200492131	---	A	ACC	455.607843137263	0.0233357838115787	0.95559914223673	9762	5.08679339292218	1.44051925555841	4.58430618994201	0.000413644304801509	1.37207750298202e-06	1	0.901217296601955	0.901217295586427	0.138039215686275	0.0231003015043012	NA	NA	NA
1:842388	1	842388	1:842388:T:TCCGCAGGA	---	T	TCCGCAGGA	455.607843137263	0.0233357838115787	0.95559914223673	9762	5.08679339292218	1.44051925555841	4.58430618994201	0.000413644304801509	1.37207750298202e-06	1	0.901217296601955	0.901217295586427	0.138039215686275	0.0231003015043012	NA	NA	NA
1:842616	1	842616	rs111389427	---	TA	T	6436.72549019637	0.329682723324952	0.765021649907093	9762	0.513350626204379	0.38266195960803	3.50577075417527	0.179750023805997	0.179750023805997	1	6.82919348924593	6.82919348155053	0.415	0.329507569810926	NA	NA	NA
1:843940	1	843940	rs199636838	---	G	GGAT	17977.1176470589	0.92077021343264	0.710976365791913	9762	-2.46109159461682	0.817059317175656	-4.69150290952703	0.0025941863531329	0.000678871976212686	1	1.90626912049467	1.90626911834661	0.804019607843137	0.921009898519046	NA	NA	NA
1:844889	1	844889	1:844889:A:AG	---	A	AG	1537.63921568665	0.0787563622048067	0.723823580112614	9762	1.42983513566635	0.688218092968553	2.95144144883499	0.0377471235583163	0.0399484023588948	1	2.06418304825018	2.06418304592418	0.152156862745098	0.0786056734334054	NA	NA	NA
1:846600	1	846600	rs35331099	---	CT	C	16101.6666666667	0.824711466229602	0.833755402801433	9762	-0.613309116645929	0.467042373098472	-2.81168621512911	0.189123446249675	0.189123446249675	1	4.58445201419097	4.58445200902502	0.75656862745098	0.824851361197322	NA	NA	NA
1:848654	1	848654	rs5772026	---	TG	T	4169.54509803931	0.213559982485111	0.959350697279069	9762	0.349433863499344	0.391167942357814	2.28369698689511	0.371691692138576	0.371691692138576	1	6.53541979024422	6.53541978287984	0.27156862745098	0.213440892678155	NA	NA	NA
1:848828	1	848828	rs3841265	---	GA	G	305.06666666704	0.0156252134125712	0.884934172398747	9762	-1.31177866827424	1.79046220685005	-0.40919493329971	0.463773108509277	0.463773108509277	1	0.311939005562609	0.311939005211104	0.00264705882352942	0.0156518571296307	NA	NA	NA
1:849863	1	849863	rs140295539	---	G	GACTGCCCAGCTC	4095.40392156863	0.209762544640885	0.914036712554051	9762	0.302689829650429	0.398320954486039	1.90779418640632	0.447305752722895	0.447305752722895	1	6.30280240538508	6.30280239828283	0.256862745098039	0.209665849505477	NA	NA	NA
1:850328	1	850328	rs58171102	---	CA	C	13693.211764706	0.701352784506556	0.792985200602845	9762	-0.380402338576918	0.400637548295377	-2.36995379540648	0.342370195821091	0.342370195821091	1	6.23012414769178	6.23012414067143	0.643725490196078	0.701471091413367	NA	NA	NA
1:850425	1	850425	rs202127290	---	G	GGTCC	315.309803921675	0.0161498567876293	0.826937041941278	9762	-0.325031766186988	1.36902003304372	-0.17342280294729	0.812331525129946	0.812331525129946	1	0.533556473515642	0.533556472914409	0.0117647058823529	0.0161588593556905	NA	NA	NA
1:855635	1	855635	rs77712898	---	CCTT	C	197.274509804098	0.0101042055830822	0.809926973467432	9762	-1.35878120321177	2.20625247815431	-0.279150949440306	0.537975389702088	0.537975389702088	1	0.205442163006431	0.20544216277493	0.00196078431372549	0.010120923754433	NA	NA	NA
