CHR	POS	rsid	SNPID	Allele1	Allele2	AC_Allele2	AF_Allele2	imputationInfo	N	BETA	SE	Tstat	p.value	p.value.NA	Is.SPA.converge	varT	varTstar	AF.Cases	AF.Controls	cptid
1	773495	1:773495:C:A	---	C	A	280.133333334059	0.0143481527009864	0.501009060500547	9762	-1.91117226031519	2.00528966608504	-0.475275690755501	0.340556919719145	0.340556919719145	1	0.248682811395096	0.24868281111487	0.00235294117647058	0.014372778468809	1:773495
1	773919	rs3964452	---	C	T	288.352941177021	0.0147691528978192	0.567124650080523	9762	-1.45596228595223	1.62238113321718	-0.553151826841211	0.369493197364573	0.369493197364573	1	0.379921809911056	0.379921809482945	0.00137254901960784	0.0147966556772576	1:773919
1	774926	1:774926:GAC:G	---	GAC	G	242.909803921513	0.0124416002828065	0.785241857998427	9762	0.856117566650178	1.39711929889096	0.438597775740068	0.540026170301531	0.540026170301531	1	0.512310216289821	0.512310215712529	0.0249019607843137	0.0124160195796652	1:774926
1	775659	rs2905035	---	A	G	17458.8117647059	0.894223097966909	0.731994281758804	9762	0.341553950578391	0.657310180064749	0.790530437480949	0.603325873282049	0.603325873282049	1	2.31451118086105	2.31451117825297	0.918039215686274	0.894174204274196	1:775659
1	775789	rs55687311	---	TA	T	18707.7607843137	0.958193033410866	0.741086143105729	9762	0.910915924710316	1.28290303108321	0.553465598795942	0.477677660970346	0.477677660970346	1	0.60759240648027	0.607592405795611	0.97421568627451	0.958160139440708	1:775789
1	778302	rs58115377	---	C	CCT	18390.8901960785	0.941963234791972	0.512511597843463	9762	1.55379930281805	1.0312014220309	1.46119411956544	0.131865659236305	0.131865659236305	1	0.940400807823342	0.94040080676366	0.97921568627451	0.941886756755669	1:778302
1	779310	rs80302052	---	TGA	T	199.850980392566	0.0102361698623523	0.588523772355747	9762	-1.49416368710557	2.40082837485095	-0.259224441178288	0.533709519176137	0.533709519176137	1	0.173491327232324	0.173491327036827	0.00343137254901961	0.0102501398835042	1:779310
1	786790	rs201096953	---	C	T	209.04705882398	0.0107071839184583	0.591400937945945	9762	-1.49492545736377	2.37142824212948	-0.265827288990959	0.528439229044457	0.528439229044457	1	0.177819761969759	0.177819761769385	0.00362745098039215	0.0107217183732454	1:786790
1	786792	1:786792:G:T	---	G	T	233.588235294868	0.0119641587428226	0.620286423830858	9762	-1.69480766228456	2.40298617199811	-0.293506602651008	0.480628346613287	0.480628346613287	1	0.173179888893922	0.173179888698776	0.00294117647058823	0.0119826826234497	1:786792
1	787069	rs59146489	---	CAG	C	542.772549020305	0.0278002739715378	0.64660098228559	9762	-0.777026604883477	1.39589437414985	-0.398777618253569	0.577765605026837	0.577765605026837	1	0.513209735351816	0.51320973477351	0.016078431372549	0.0278243385221056	1:787069
1	787135	rs28753393	---	A	G	18251.8431372549	0.934841381748358	0.614385906976986	9762	0.823613716405603	0.935816648723416	0.940463697494705	0.378804280235805	0.378804280235805	1	1.14187473904521	1.1418747377585	0.959803921568627	0.934790134489435	1:787135
1	787185	rs56327836	---	G	A	16434.8039215687	0.841774427451788	0.719092274013963	9762	0.532580163773495	0.579848985932583	1.58400002063505	0.358367203303037	0.358367203303037	1	2.97420018314599	2.97420017979454	0.88578431372549	0.841684076627982	1:787185
1	788713	rs2980306	---	T	C	17342.4156862746	0.88826140577108	0.808480903386415	9762	0.497161096831857	0.655186236073306	1.15815745434407	0.447966926794555	0.447966926794555	1	2.32954159471526	2.32954159209024	0.922941176470588	0.888190209362333	1:788713
1	789513	rs200509509	---	GA	G	1899.11764705952	0.0972709304988488	0.708170683102211	9762	-0.617087833372388	0.688970968727346	-1.30000534864169	0.370431204178488	0.370431204178488	1	2.10667797732642	2.10667797495253	0.0611764705882353	0.0973450312171676	1:789513
1	790753	rs138628294	---	CATGT	CGT	227.082352941685	0.011630933873268	0.570277817267124	9762	-1.65357072952706	2.29657984034561	-0.313515978411738	0.471516082912828	0.471516082912828	1	0.189599375952552	0.189599375738904	0.00343137254901961	0.0116477672982558	1:790753
1	793145	1:793145:A:G	---	A	G	17709.5098039216	0.90706360397058	0.721808709225274	9762	0.94068957779965	0.755428571916776	1.64838828317238	0.213043687813205	0.213043687813205	1	1.75231906685742	1.75231906488284	0.951274509803921	0.906972840460348	1:793145
1	793429	rs200956863	---	T	C	13907.5529411766	0.712331127902921	0.754754938224136	9762	-0.276313162347292	0.441293949110847	-1.41887987274201	0.531221083045627	0.531221083045627	1	5.13504264758349	5.13504264179712	0.681666666666667	0.712394081015695	1:793429
1	797126	rs140389426	---	GTAAT	G	1573.08235294114	0.080571724694793	0.896794618422464	9762	-0.835734719656307	0.605714321122678	-2.2778900673835	0.167663436437232	0.167663436437232	1	2.72561377887982	2.72561377580849	0.025	0.080685811585977	1:797126
1	802006	rs9700144	---	T	C	12400.4000000002	0.635136242573253	0.683314310288281	9762	0.707270484027486	0.429139240840834	3.84051156464352	0.0993292353728468	0.0993292353728468	1	5.43004642689751	5.43004642077871	0.733921568627451	0.634933439604542	1:802006
1	802082	1:802082:C:T	---	C	T	779.431372549087	0.0399217052114877	0.708294141063375	9762	-0.564737919191918	0.946170272022485	-0.630824209132442	0.550596105349472	0.550596105349472	1	1.11702116626963	1.11702116501093	0.025	0.0399523389729532	1:802082
1	802347	rs372425838	---	C	T	1426.23137254901	0.0730501624948272	0.86019987932968	9762	-0.821183768240738	0.647245667474608	-1.96020752609298	0.204535299260844	0.204535299260844	1	2.38705098895517	2.38705098626534	0.025	0.0731488078705101	1:802347
1	802349	rs376721195	---	C	T	1426.20784313724	0.073048957341592	0.860199183509687	9762	-0.821168788423608	0.647247430906038	-1.96016108750912	0.20454478996286	0.20454478996286	1	2.38703798188923	2.38703797919942	0.025	0.0731476002431356	1:802349
1	803432	1:803432:T:C	---	T	C	1508.09019607844	0.0772428906002067	0.869133144846951	9762	-0.840471849764961	0.626820508990515	-2.13912802025629	0.179969381310808	0.179969381310808	1	2.54515129906433	2.54515129619635	0.025	0.0773501435063863	1:803432
1	804015	rs372466154	---	A	G	1460.1843137255	0.0747891986132709	0.862368128136713	9762	-1.24190661672884	0.639574303959939	-3.0360360719477	0.0521648705588885	0.0521648705588885	1	2.44465729633082	2.44465729357608	9.80392156862742e-05	0.0749425370640968	1:804015
1	804107	1:804107:T:C	---	T	C	1442.43137254905	0.073879910497288	0.853076245976905	9762	-1.25465153170964	0.647749954776014	-2.9902557796148	0.0527529170238644	0.0527529170238644	1	2.38333569444589	2.38333569176026	0.000294117647058822	0.0740309796675804	1:804107
1	804109	1:804109:C:A	---	C	A	1442.41960784317	0.0738793079206703	0.853080465330488	9762	-1.25463831497976	0.64774928300127	-2.99023048198139	0.0527551659600158	0.0527551659600158	1	2.38334063791893	2.38334063523328	0.000294117647058822	0.0740303758538932	1:804109
1	804119	1:804119:A:T	---	A	T	1487.26666666667	0.0761763299870247	0.878152037166983	9762	-0.827839999321067	0.628573958355903	-2.09523933135501	0.187834307186562	0.187834307186562	1	2.53097136291237	2.53097136006037	0.025	0.0762813932799562	1:804119
1	804135	1:804135:A:G	---	A	G	1466.04313725493	0.0750892817688451	0.860446197357391	9762	-0.837571946332901	0.640338420910517	-2.04269253260855	0.190868387576062	0.190868387576062	1	2.43882634984609	2.43882634709792	0.0251960784313725	0.0751917108457014	1:804135
1	804152	1:804152:T:G	---	T	G	1465.84313725493	0.0750790379663458	0.860476146683974	9762	-0.837469868835803	0.640365405770944	-2.04227145067944	0.190941158904872	0.190941158904872	1	2.4386208109415	2.43862080819357	0.0251960784313725	0.0751814460130182	1:804152
1	804168	1:804168:C:A	---	C	A	1477.89803921573	0.075696478140531	0.864189265092368	9762	-0.836808788390028	0.636228794708861	-2.06728137175068	0.188421214239975	0.188421214239975	1	2.4704345848566	2.47043458207282	0.0251960784313725	0.075800153771219	1:804168
1	804180	rs372180314	---	A	T	1477.7215686275	0.075687439491267	0.86421273572608	9762	-0.836704596151911	0.63624441583924	-2.06692247336958	0.188487089777937	0.188487089777937	1	2.47031327767956	2.47031327489591	0.0251960784313725	0.0757910965659103	1:804180
1	804188	rs376110660	---	G	C	1477.64313725494	0.0756834223138159	0.864243203505149	9762	-0.83667878961205	0.636260239962469	-2.06675591670619	0.188511712106868	0.188511712106868	1	2.47019040325439	2.47019040047088	0.0251960784313725	0.0757870711413286	1:804188
1	804593	1:804593:TAAAA:TAAA	---	TAAAA	TAAA	514.043137255594	0.026328781871317	0.722742937165739	9762	-1.02378963104309	1.42544509332059	-0.503859834770346	0.472618855847824	0.472618855847824	1	0.492151726773192	0.492151726218616	0.0120588235294118	0.0263580776182368	1:804593
1	804978	1:804978:T:TA	---	T	TA	1528.32156862801	0.0782791215236638	0.808744280780164	9762	-0.825491353799014	0.643429174726426	-1.9939351563034	0.199507473461851	0.199507473461851	1	2.41545250247269	2.41545249975086	0.0291176470588235	0.0783800483856035	1:804978
1	807302	rs140363434	---	A	AT	12329.6000000001	0.631509936488431	0.532589374943886	9762	-0.47008569397224	0.462347198051297	-2.1990776998487	0.309278362812193	0.309278362812193	1	4.678035788042	4.6780357827706	0.577254901960784	0.631621320258754	1:807302
1	811215	1:811215:AACTCCCCCAT:A	---	AACTCCCCCAT	A	247.047058823529	0.0126535063933379	0.960547456496982	9762	9.91486178955904	2.32050673011537	4.9967530794273	1.931080015322e-05	1.94158530787364e-12	1	0.503965984144044	0.503965983576155	0.138039215686275	0.012396093727986	1:811215
1	814045	rs28483835	---	C	T	2300.2901960791	0.117818592300712	0.779258427065839	9762	-0.685736200758313	0.564128655539865	-2.15476918149456	0.22414989571258	0.22414989571258	1	3.14227129778438	3.14227129424355	0.0633333333333333	0.117930448714078	1:814045
1	814215	rs4468103	---	A	G	6114.69019607856	0.313188393570916	0.558067515865142	9762	-1.27161103929195	0.4867038793204	-5.590556895023	0.00898302162328615	0.00766972907406072	1	4.39643627043054	4.39643626547646	0.172450980392157	0.313477322770619	1:814215
1	814297	rs72888851	---	T	A	9465.0666666666	0.48479136788909	0.559824851662537	9762	0.944375218845203	0.433706644024545	5.1110601296311	0.0294468905080978	0.0280212665689689	1	5.41210742048165	5.41210741438307	0.612352941176471	0.484529488247773	1:814297
1	814300	rs80022136	---	T	A	9465.0666666666	0.48479136788909	0.559824851662537	9762	0.944375218845203	0.433706644024545	5.1110601296311	0.0294468905080978	0.0280212665689689	1	5.41210742048165	5.41210741438307	0.612352941176471	0.484529488247773	1:814300
1	814371	rs60732832	---	GTGTT	G	15138.3411764707	0.775370885908149	0.746402013007467	9762	0.0391686416150479	0.4487777512067	0.194480415755152	0.930450156317432	0.930450156317432	1	4.96520705687265	4.96520705127766	0.783725490196078	0.775353734185113	1:814371
1	815656	1:815656:T:G	---	T	G	368.203921569104	0.018859041260454	0.691555443017775	9762	-0.464210764568421	1.37442993229944	-0.245736686395205	0.735553206890296	0.735553206890296	1	0.529364472242835	0.529364471646326	0.0133333333333333	0.0188703853538952	1:815656
1	815662	rs4970339	---	G	T	18687.7882352941	0.957170059173025	0.65395172366935	9762	-4.49639288926688	1.30604847491433	-4.40386294288902	0.000575840322693094	8.59153155079713e-06	1	0.97942129421147	0.979421293107819	0.847647058823529	0.957394906227734	1:815662
1	821230	1:821230:T:C	---	T	C	346.992156863202	0.0177725956188897	0.675396609644974	9762	0.493339440137821	1.38079798073492	0.258753093161347	0.720877897878976	0.720877897878976	1	0.5244930206453	0.52449302005428	0.0251960784313725	0.0177573554570668	1:821230
1	821325	rs138860880	---	ACAGT	A	4759.2431372553	0.24376373372543	0.747720970602598	9762	-0.651226854537544	0.445855818539352	-3.27599646026854	0.144119182484577	0.144119182484577	1	5.03049964454387	5.0304996388753	0.161862745098039	0.24393187371438	1:821325
1	823963	1:823963:A:C	---	A	C	266.713725490285	0.0136608136391254	0.885249710009889	9762	0.74108011445845	1.37293807939788	0.393154506972216	0.589350972801562	0.589350972801562	1	0.530515526326754	0.530515525728947	0.025	0.0136375346689692	1:823963
1	825069	rs4475692	---	G	C	13539.0862745099	0.69345862909803	0.759093090892826	9762	-0.814899576533431	0.400057174121791	-5.13943536311756	0.0416542722855536	0.0407081281618391	1	6.30683278175285	6.30683277464606	0.564803921568627	0.693722752907363	1:825069
1	825410	rs13303179	---	G	A	12143.9882352943	0.622003085192289	0.776719768480988	9762	-0.917645254590142	0.379479708263006	-6.53859161470921	0.015598921893728	0.0143050062352193	1	7.1254023077029	7.12540229967371	0.459705882352941	0.622336275918703	1:825410
1	825826	rs34748977	---	C	CA	18097.9019607843	0.92695666670684	0.728202760337079	9762	-0.469663454807469	0.825817919392451	-0.688681098699863	0.569542648813313	0.569542648813313	1	1.46632890349575	1.46632890184343	0.912058823529412	0.92698725148035	1:825826
1	832297	rs34017275	---	CTG	C	13720.5725490196	0.702754176860255	0.810179904107745	9762	-0.96444861736557	0.388122843880559	-6.5910686085102	0.0129585803004503	0.0116935742401704	1	6.83402774376303	6.83402773606218	0.538627450980392	0.703091123536255	1:832297
1	832960	rs34260203	---	AT	A	9604.04313725498	0.491909605473006	0.873195364416326	9762	0.458722324567738	0.345225556252936	3.84896533998225	0.183926766578971	0.183926766578971	1	8.39062137123846	8.39062136178357	0.585980392156863	0.491716481295865	1:832960
1	833172	rs113551494	---	T	TCGAA	5627.74509803936	0.288247546508879	0.81077097001411	9762	1.02845086305166	0.393975266296714	6.87168131966484	0.0090424444640844	0.007850843888189	1	6.68158447480408	6.681584467275	0.459509803921569	0.287895950825413	1:833172
1	834430	1:834430:G:A	---	G	A	233.380392157018	0.0119535132225475	0.598366752395705	9762	-0.284363504830895	1.92393402765562	-0.0768233969331339	0.882498125294101	0.882498125294101	1	0.270159129522683	0.270159129218257	0.0100980392156863	0.0119573224485853	1:834430
1	834573	1:834573:A:AT	---	A	AT	247.984313725494	0.0127015116638749	0.976750745575102	9762	1.13543595183639	1.48232257665558	0.516746084932135	0.443685591552854	0.443685591552854	1	0.455108087863857	0.455108087351023	0.025	0.0126762632788693	1:834573
1	834637	rs34941678	---	AC	A	534.909803921644	0.0273975519320654	0.85180913042181	9762	5.24629207631556	1.42144532187087	4.98654155786538	0.000223536454017826	3.14126513952699e-07	1	0.950488742397163	0.950488741326114	0.150098039215686	0.0271456519376381	1:834637
1	837553	rs112791300	---	GGTGT	G	445.094117647066	0.0227972811743017	0.888659499423658	9762	5.87876607742965	1.53077366228708	5.0939319282383	0.000122839589790588	4.44239554128529e-08	1	0.866496788806656	0.866496787830253	0.15	0.0225361382491818	1:837553
1	838329	rs144685080	---	G	GC	4557.45098039241	0.233428138721185	0.842044321773843	9762	0.177527436361015	0.40996385186762	1.05626855640689	0.664991576195196	0.664991576195196	1	5.94988908789793	5.94988908119335	0.262156862745098	0.23336915961211	1:838329
1	839518	1:839518:G:A	---	G	A	199.376470588351	0.0102118659387601	0.530549238299071	9762	3.91822590741836	2.21947228129737	0.795408121021144	0.0774988681686277	0.0774988681686277	1	0.203002108560204	0.203002108331453	0.03	0.0101712415617037	1:839518
1	840226	1:840226:G:GT	---	G	GT	340.384313725805	0.0174341484186542	0.647347851556692	9762	-1.00980743434415	1.44532584077714	-0.483400426039792	0.484757581827273	0.484757581827273	1	0.478705552760912	0.478705552221487	0.00607843137254901	0.0174574613257333	1:840226
1	840353	1:840353:G:C	---	G	C	438.380392156872	0.0224534107845151	0.959888570820699	9762	5.36423492327918	1.48997260856071	4.6111995943435	0.000317943340458598	6.57596986326737e-07	1	0.859619248652268	0.859619247683615	0.138039215686275	0.02221611699494	1:840353
1	842057	rs149865693	---	A	AAACTCAGCTGCCTCTCCCCTTC	5789.50588235317	0.296532774142244	0.828292542783611	9762	0.791568155018916	0.380928115416856	5.51145500394604	0.0377094725012247	0.0367342068939661	1	6.96270430916253	6.96270430131667	0.434019607843137	0.296250518273415	1:842057
1	842091	1:842091:C:G	---	C	G	311.121568627583	0.015935339511759	0.83273493086636	9762	0.360467272041603	1.35419700242151	0.196563168265202	0.79009653965803	0.79009653965803	1	0.545301012077778	0.545301011463311	0.0212745098039216	0.015924378373809	1:842091
1	842387	rs200492131	---	A	ACC	455.607843137263	0.0233357838115787	0.95559914223673	9762	5.08679339292218	1.44051925555841	4.58430618994201	0.000413644304801509	1.37207750298202e-06	1	0.901217296601955	0.901217295586427	0.138039215686275	0.0231003015043012	1:842387
1	842388	1:842388:T:TCCGCAGGA	---	T	TCCGCAGGA	455.607843137263	0.0233357838115787	0.95559914223673	9762	5.08679339292218	1.44051925555841	4.58430618994201	0.000413644304801509	1.37207750298202e-06	1	0.901217296601955	0.901217295586427	0.138039215686275	0.0231003015043012	1:842388
1	842616	rs111389427	---	TA	T	6436.72549019637	0.329682723324952	0.765021649907093	9762	0.513350626204379	0.38266195960803	3.50577075417527	0.179750023805997	0.179750023805997	1	6.82919348924593	6.82919348155053	0.415	0.329507569810926	1:842616
1	843940	rs199636838	---	G	GGAT	17977.1176470589	0.92077021343264	0.710976365791913	9762	-2.46109159461682	0.817059317175656	-4.69150290952703	0.0025941863531329	0.000678871976212686	1	1.90626912049467	1.90626911834661	0.804019607843137	0.921009898519046	1:843940
1	844476	rs368849675	---	T	G	3207.90980392201	0.164305972337739	0.775372505467544	9762	0.389243680549939	0.497869535750451	1.57032832551577	0.434321168146332	0.434321168146332	1	4.0343065385086	4.03430653396258	0.202647058823529	0.164227259370182	1:844476
1	844725	rs112625935	---	G	T	436.592156863222	0.0223618191386612	0.670531177383407	9762	-0.114791879622459	1.46425064733388	-0.0535402405094586	0.937512791332582	0.937512791332582	1	0.466411393258374	0.466411392732803	0.0201960784313725	0.0223662653318359	1:844725
1	844889	1:844889:A:AG	---	A	AG	1537.63921568665	0.0787563622048067	0.723823580112614	9762	1.42983513566635	0.688218092968553	2.95144144883499	0.0377471235583163	0.0399484023588948	1	2.06418304825018	2.06418304592418	0.152156862745098	0.0786056734334054	1:844889
1	845509	1:845509:T:G	---	T	G	2527.75294117707	0.129469009484586	0.723036688293263	9762	-0.73605512122769	0.580248580372276	-2.18616111628056	0.204613425047438	0.204613425047438	1	2.97010516363801	2.97010516029117	0.0742156862745098	0.129582442708145	1:845509
1	846600	rs35331099	---	CT	C	16101.6666666667	0.824711466229602	0.833755402801433	9762	-0.613309116645929	0.467042373098472	-2.81168621512911	0.189123446249675	0.189123446249675	1	4.58445201419097	4.58445200902502	0.75656862745098	0.824851361197322	1:846600
1	848654	rs5772026	---	TG	T	4169.54509803931	0.213559982485111	0.959350697279069	9762	0.349433863499344	0.391167942357814	2.28369698689511	0.371691692138576	0.371691692138576	1	6.53541979024422	6.53541978287984	0.27156862745098	0.213440892678155	1:848654
1	848828	rs3841265	---	GA	G	305.06666666704	0.0156252134125712	0.884934172398747	9762	-1.31177866827424	1.79046220685005	-0.40919493329971	0.463773108509277	0.463773108509277	1	0.311939005562609	0.311939005211104	0.00264705882352942	0.0156518571296307	1:848828
1	849863	rs140295539	---	G	GACTGCCCAGCTC	4095.40392156863	0.209762544640885	0.914036712554051	9762	0.302689829650429	0.398320954486039	1.90779418640632	0.447305752722895	0.447305752722895	1	6.30280240538508	6.30280239828283	0.256862745098039	0.209665849505477	1:849863
1	850328	rs58171102	---	CA	C	13693.211764706	0.701352784506556	0.792985200602845	9762	-0.380402338576918	0.400637548295377	-2.36995379540648	0.342370195821091	0.342370195821091	1	6.23012414769178	6.23012414067143	0.643725490196078	0.701471091413367	1:850328
1	850425	rs202127290	---	G	GGTCC	315.309803921675	0.0161498567876293	0.826937041941278	9762	-0.325031766186988	1.36902003304372	-0.17342280294729	0.812331525129946	0.812331525129946	1	0.533556473515642	0.533556472914409	0.0117647058823529	0.0161588593556905	1:850425
1	855635	rs77712898	---	CCTT	C	197.274509804098	0.0101042055830822	0.809926973467432	9762	-1.35878120321177	2.20625247815431	-0.279150949440306	0.537975389702088	0.537975389702088	1	0.205442163006431	0.20544216277493	0.00196078431372549	0.010120923754433	1:855635
